$ANSIBLE_VAULT;1.1;AES256
64393034323835353865303364646165326634623964343064306535633964363266626462396462
3733386533633931646438636561303232613065333261620a633066393634636234613962333863
35363137363761386234303836303734323261376433383963613163633636626135396639313563
3162393766336135320a333637306530623662323930613533613165663333393861323038303833
32383834343062356632363564663638616534383838336137356337323930363934343162396561
37333733623262643366373261643362393531333562636439373463653337396165643637303139
66646333356465343437373431343262633737306335616435316663303630373262633639323432
64353462623163363338373965656164663634396339633331393036363764313765653536653038
66363635636536333365613164333430336230613030306332656336326536346538613435636465
34373435626165303330613434623132663737356637633030373737353566363365336332343863
32323466396636353662393562366133363062356163633930303538306362313833626237333137
66323865373634323965663339313734623435653430366635623233376461373263663563353537
35366662653361616365646562373861353336396532636535613137613739663863343230653734
39326563636637633631623964613065326164613934303133393062626134326362646532326630
37326138343862373662646163303230383833333061373434373133396435306261303463346535
64313336633139643339626237653164303031636263313566353764363934623335343231363935
30333533326162323137663136336434623631656662303936313564323232333433333362376432
61336362626166396664303065356131633538313634376662306339383333626365383931393239
32373362616433646135323633353237363531656634373433646662303162653038386139626537
64363133646564623165323536336133386530616530346136343337343432306434386565376235
36333236303037636366373434353261333162336630616334623032353537373562333362616639
33346462646638356536663333633262333232393632363036616637323930323037633438306563
64656462326233633337373538666635656236373063633339383362636434623664393063393835
38353834376531626264316632373630373564386236613565336661636136636161383832623434
30366132663538303836656135306361373634383636633530356162643536613532383837613764
35336130323831323033313335376363373666346163376638323761363562373533366135636666
37663466373336333065363737396163623766356464333038653566656532663762383965633961
31613630653663386533653337636361386134396535356331633831336337323761316666323935
64336363353266366638373765323530356462373932623764643237646139356663626234373139
32336362363938316637323136326161333033316563306132333138336564343864333964303033
33393332356132333061646130336637353661363064323831323935383636356236646538353938
65383466666436333436346463313636323735306335626233656332626261356465303637323538
37313033643936333831643632646365366563623061646566383364306362393261333738396438
33386437346561656136633838383332313766623264333739366565643333353339373338303032
33613266643039363266393132353761383939356163383033363839623430346461323664656661
36333835643966343238383964353861303134623364646335386233313436353133653765333466
39363433366663363932656332373262393461613662626563623131313633376437346562666335
61663531393637616465316139363666396663376534666133373233366261373961333663333065
61396461383439383834303965313632363835383537343638376561313833316238333364306465
61333066623732396663306337376335343233396461393666393735653637363636303130616231
63313834303335663065623839306432383831363436326339623435353536333565373964346161
62643765373538613930353731656662623566616532336262333236326365653934323837666638
66313130393663336465383735313530303334343165653538633136333763653561623030613835
31643763363932613238343438373334353762623730626361343064376334323462393432323037
34353937643730643135366338393062636561666338343038396637383536336230666238386163
64393731353864333530333334643037623237356365363131333433343336363737636238656366
35633835333238323636306237343033313133376164386236663839623631653538663937343631
33396366643661373536386132613735316130313432663737396433376261383635353966336562
65336138323932653739356335353765323233656232376635373130633363383765303938386362
61336563633565653063663631313062643531616130333838346630633837363930663531316536
64393734356637626165383639323632633661383161643438326331653765623030656534613561
39303538663031376136316661336238313932383637346136613966363738366135366631313431
33633235653761323661396261326532326562623134656662613832363465663465323534323434
63363037353466323665353232376331373031623437343032363139336666666132306434643533
33336233303766633831393963383733313536376132616463343138313539306238653861376561
65396437316333663064323431663161386435636462613834323936623461643537653339663739
37366662666563636263663738643639643536343032383632636139323866626263616432383736
39306531366665343936326564643164636533636136396530663237353138613035306665383066
31343963393265626334663734313535313634636261376338633635373164383662643334343937
37393536343132633963313663393036313963346630383931326261636261336238383739383230
65366365353431363465333835633166323433646332383062303038386663326662633532383436
66613430633065323332386239386466626463643732396466376333363962393739323635303534
31643064663664373866333965616639326264343036396132353966366431623931646566323835
39653038383361386139626463336663336331363534346561383434666131623032616362373464
66653837323736666439626330366433323630663062616664333232336232356161356132633939
31666339363932393763333930326134383162383236633263333332356466346230653136336535
33376133626331633264353133393866336631663966326463663933343836393262303535633637
35626166353462363930363764313931366163353633356539393035636335373465343763666338
33373333346534333764343662653039323139336330343331393538623234336562623064616166
32373762616335343066616666613362636335633639343031626637613235646564623234303132
31383133386266653761636634653831363832323338353462333831353333316234643662623837
63306533336533363537653437636235386436353864636263636237313434393431316362353463
65306538366138666531663332656639396332616263333162333861656230663832333439636664
39623735373530636661663732353266373934376166666465616562666134303766353637636435
64643531323831623862376533366331623533646366386431313734333333333038313430353538
35373161303637653866623432333366363134363365356533663230383065613430353633366330
62666239333139666232633261633133313231613235333337323062633566616337333338346338
61306563393137643330396266396534643064353731646261313065386266616365343861323034
34666131363465343734653135383861616433303566386561623662303966643761653430353735
39633561636134313331383063393639623039313161353964373232313937303332333232333637
36656465656364613035376330323434306635633264333938323135306164663962653566396437
38316436643835643561383332336332323962376132613633326231316130383336333738613338
38383231316330313635353337653136366236633961336330386134343937383361303465393039
63386437653231326331376332323133626363343135366561666562626263373430626432383664
30643661616236323836366530383834366535663162656636326663613137663938326339633334
34656535373734313033626361616431356330303738363337343362316433376563306133323338
39393734383963306261626266343366623037616636333065303631643439623462313537336231
39656361653034623666333665333733393461663663643532646230323265666332626163656139
61623463336365326565333230323237303735336566396331313162386662323762313663333762
63303964656230373433616538323331663165653232616434346461633334663038333738336237
39613736663032623666666434393933633936303436346630363037303233633032393439353766
35663438373533343932313931653431343966643438343430343865386466303632636464383130
35636162383563386562363563346639353765323030316236303536343437666336626566613536
34383830326163636366383732353930623738633964613866633530663935613463306562626436
31363761646630306138636632333039316663313766376238313164396163633263643038643536
34663939623330333665353130376139643936316635613738306634366235353339386161383031
61323837636532376664323536366563376665316134636564396330643863383836666537646662
66346566306630393662383437373839313234303539383763666533333136656364666366663536
64633161383338363463656436306433623937666332643964376561346663356637623265393731
62663537386361633234343066633161393831336634333339326264626662393732393531386465
33396565633230666465303139363636356162656336303130336436383637393330373861303232
64623630666538633031336465376134376239306361666365396638303264306331393361663862
39373034616433383130633664643639323333333361653636373763303438643439623537353534
31633339396430633363333765643233323037616333646136623834333032663165666332663865
63346136626565393739613763323962333031363136333034333130356561363763626565383437
36393765363034303030353336316631613137363037333332313038333139353739386538663130
36346331316538303430333530346533616539393535353661653437633236323436626530313333
65343637306230346334616334636264333639613135373861663934666534306133663031363763
30663433343033323731383462363632303438343466343964663863636461353364666438633233
65326639653633313865313936333065646530386362303266666533303166366165633763343964
61666339373333316265383462633533613137376433333965323062303832616264653035636234
63373366313139343239386366623834323131663837346132306265386163633164366131303439
36313738303435346334383231323832663237306335393131316163393134316163346139333161
64666663343762613366613137393666633932346634363166343663383165303136356537343163
36653064363061353533323535353737663066346230613666326139653362666263383537376237
37383131336438636331323362363266363636383065386236613562623766383236623533663039
36323632393932663039343738323832343862643036623661383132633033646135356337313065
30666134383062303061313464636663643838613633373932326133383861396461626137343134
32333263333662656366323764653464343766663939663963633339353964363831326236396361
30396332373366623261666432333265623162383331653563613837306333666265666538646566
62346439326365633465376439613634313563393661336532343235336666386430626364303230
61313263653932663433383537386635353631383936656465396563313935383132623630636466
33663333373965663062653131393563373237383939626439376638333463303835363434386165
64323638623438353234643032623565316331613238366164626433303930346366626432663930
66663833643365376333306534633338383533623834653332613066396137623962333664333635
64646561396338366566323161303935323263393963313639663430353235646133363030633638
37316338613464393839663432373930396538643266393332343665643036626436373338373964
61346539623664623465326161363965656330663632653738383665393230326334303361663962
32616537663738356162646636333662636130366362333138373761303931333564653236636565
64343365383164396631613031383166323865643261653131616366613837303565383135316334
37613830646538663062386535306438346364333365666564383064316238383564336537363031
35383139376136613636613434303036343637396232336362353431323631356563343834343031
63346464353335633335653536623666346263323835643563366336636438343937353832373439
62316634376564383064626138653566336438393537363162393063356365356564383933363239
31323961323837366461323866636534663436353930356533646434356664313637653364316235
39616337666238336230316465383131613037363934333062343964643335616166323337323063
65633337363731386565353666633233316364636465316436633738326233333735303063613264
37623939616463313862333137343266333161613261333132613236333566616365663433613263
61326563393235323139313436616266333233656265393063353766613261393334376630613731
30353031323135373138653739666536323632646533663330316435636438633666313162623732
32373231626335356638333562373166393337643064353933663035633639613432356537396433
31653334383937323833613462366331633364646337393363353431346531623461363431343738
66623362303461326432393766343531633038643138343162363130666365323539633761316366
62343261633336393234356335636563383231346236326134353234373734623464333865623039
65346466386364353066393038383333333831626461353439643936343438343239353233336662
31343764393263633833396566613037643631383633653537623732316637363663326538323663
62336533393564616465616539346361623132666334323331613364636134623561366631396235
37313533666434663932363866346437353137623565333733373931383339363931636561306133
31636530373563303066636138373263376639616430643565336430353232316334316536613831
32643365373764383434373836383837333561366632623139393430656535346466633230616363
66643238346539346562626434613134633163333430613135323933643739353539336533333538
66323466623264376165306136393435333464623537316165653763373030326431333132616334
65303338373838363261316531613961363535636135343733356338616462623531323562316139
38656535633139643539616338353534383339383737363531303533646163623263643365306638
33396264663663333734363130303833356631653831613864623434393930333566313038666437
31336533313933366133666636356130383361393630366464616262643032656331353163653835
33383338613436386136393538623533656539383037306462326133383336373136306137623638
32353666666337616264653333633536316637623930356438373663323632316232636632343438
62363931333864363234336630653365333237333165303263306435616639666465346439636431
61323239326333666261313466376337376465376462353333643738343864386234623935346335
30346632616366656434653032613262303931313337656639376564653636313831616635303334
32343261626261623563666135356539653133326463303131646334303562656538393865303438
30376331376533396562653832326664363939333465626634623865303966353766373864373832
64616137346638623738363263313564393763353538303836303565333735336538613563343533
30353063386632616339303862356430396637613561623332333930346232353235323466646335
63323966396230623530623435363635313838363837633766613337346133303239303362346263
62363639356431363435616138383435653338656465616139333537366332633738623631363864
61366166323562303335373863303065633739363337633665643862313438393338343935316635
35613266633034336639343934323161636131623865353734646535393136386466656237333738
65636361383364323233656336656130363834633836373864346632373737356539316633666134
30373331323533346163643938383234626339326161313130303464393130363061613534313034
64343438373138353361623764323065383134396437353232336331376465333762353434343465
3538
