$ANSIBLE_VAULT;1.1;AES256
37393837626330363734333330326361333133303433636432323731663666643266316266636236
3035353033313430346138646331303563306635366431380a613430623334333030386338646137
65356634663434363863373061326639633138333361626164616634363533363662363432613632
3937653935366136390a346362386534393033383236663830373862656638363965663862643261
38303433323762336430616165396665346635653839333338353236653461633231653964363931
33323630393765313336386331353233316133656435303036653231393432663339323033663962
39393865356236313731306364346265366130363934636363643234353936383933313232616561
36346633303637343661626262646439336233326565393138333963666263646166626533383638
34313362633430623032353237633063393163633864326331643563663866366233623666386562
31653432396164303462306437663564633533653264333763313133366132646464626137616662
30326461613962363535366238333063306565383739313962386661633064626633303666656437
66613762366164316438313531373837653338343266616137306533646161376231383137363034
36656335363037643931636238663931333539646463323663386664623433333133336433313031
6466643533666636663639383062633837366436396633373466
